    1     24.4733
    2    -28.9018
    3     42.1085
    4     -8.2835
    5     23.4881
    6    -23.5758
    7     -0.4283
    8    -14.4150
    9      3.7609
   10      0.9341
   11     -2.1744
   12     -1.9434
   13     24.2951
   14     -0.4976
   15    -15.1391
   16     -3.5459
   17      5.7636
   18    -15.7446
   19     -0.1739
   20     24.9318
   21     23.4972
   22    -34.2807
   23      0.4863
   24     -9.7298
   25    -21.6374
   26     26.1957
   27    -29.5807
   28      8.9416
   29      1.6437
   30     -9.5984
   31     15.6514
   32      4.3187
   33     21.4126
   34    -31.1593
   35    -15.9630
   36     22.0692
   37      3.4218
   38     10.7377
   39    -15.7919
   40     20.5621
   41    -10.5020
   42     -9.4549
   43     26.8317
   44     -6.7847
   45     37.0522
   46    -24.9178
   47     -6.9645
   48      3.9121
   49      1.6989
   50    -33.5733
   51     35.0013
   52    -16.2963
   53     -9.8190
   54     19.7953
   55    -21.7797
   56     21.9909
   57      7.4560
   58     -4.0506
   59    -15.1289
   60      8.5884
   61    -13.7155
   62    -14.9576
   63     36.8321
   64    -35.7602
   65      5.4522
   66    -15.5076
   67     36.5228
   68    -33.6383
   69     25.2024
   70    -12.4389
   71     10.8053
   72    -20.4119
   73     18.9681
   74     -9.5282
   75     11.8134
   76      3.0304
   77     17.8620
   78    -45.5723
   79     18.4477
   80    -22.6194
   81     18.8725
   82     -0.0285
   83    -14.3944
   84     11.3229
   85      0.0143
   86    -21.6613
   87     19.4959
   88      2.4174
   89     27.1015
   90    -40.9993
   91     37.4081
   92    -34.5395
   93     38.2764
   94     -7.0325
   95    -25.1860
   96     51.2824
   97    -37.0009
   98     16.6420
   99     10.1593
  100      0.3006
  101    -24.0759
  102    -10.0162
  103      2.3313
  104     -1.1296
  105     29.0942
  106     13.3024
  107      5.5019
  108     -5.2342
  109     18.6299
  110      6.9172
  111    -43.3722
  112     -7.7450
  113    -11.0480
  114     21.7064
  115    -24.2764
  116      6.5029
  117    -11.8713
  118     12.8631
  119     -7.4387
  120     -8.8791
  121     25.5846
  122     -9.7717
  123      9.0293
  124     -1.6424
  125     -9.9840
  126     10.3333
  127     -5.9850
  128      0.5536
  129    -12.9486
  130     -1.0856
  131     18.1941
  132    -32.4989
  133     16.9730
  134     24.4576
  135     -1.4300
  136     -7.8393
  137     -5.5427
  138      4.2084
  139     -6.5263
  140      0.5719
  141    -29.9260
  142     22.5427
  143     14.8087
  144     34.7188
  145    -31.7903
  146      3.1657
  147     26.2574
  148      5.6619
  149    -13.4524
  150    -14.4065
  151      8.5909
  152    -17.2201
  153     -8.4578
  154     -1.9978
  155      8.2249
  156     11.1972
  157     16.0097
  158    -66.9667
  159     16.7052
  160     -0.5405
  161      2.4545
  162     36.8402
  163    -13.9410
  164     24.3820
  165    -33.8356
  166     10.0797
  167     22.5534
  168     -1.9073
  169    -16.0007
  170    -21.8628
  171     30.3201
  172     -9.4683
  173     16.2091
  174    -27.8053
  175      9.2071
  176    -18.5758
  177     12.2829
  178     -6.4460
  179    -10.6254
  180    -11.8676
  181    -18.9177
  182     15.1017
  183      1.2673
  184     22.5287
  185     -3.9493
  186      3.6933
  187    -24.4019
  188    -16.0214
  189     30.0159
  190    -16.0512
  191      8.3592
  192     15.7213
  193    -39.8277
  194     30.3296
  195     16.7797
  196    -26.2619
  197     21.7190
  198    -22.6001
  199     -6.6300
  200     31.0991
  201    -21.1765
  202      4.5019
  203     18.4923
  204      0.9269
  205     -6.4724
  206     12.3908
  207    -14.2400
  208    -18.6423
  209     24.2710
  210      6.7956
  211      3.9135
  212    -11.0186
  213    -23.6851
  214     19.7285
  215    -19.3704
  216     21.6504
  217     13.4127
  218    -36.4471
  219     18.6378
  220     -6.9769
  221     13.6396
  222     -4.4451
  223      8.1086
  224    -25.3630
  225     17.9143
  226    -11.9596
  227    -12.9224
  228     -8.1069
  229     14.7446
  230      8.8640
  231     16.2375
  232    -17.3669
  233     -9.5298
  234    -16.7704
  235      2.4314
  236      9.9560
  237    -21.7862
  238     15.2708
  239     -6.5539
  240     15.2586
  241    -18.3232
  242     50.0447
  243    -32.9860
  244     23.8550
  245      7.6803
  246     23.3296
  247    -46.3454
  248    -29.5140
  249     31.1177
  250     -6.4689
  251     10.8415
  252      0.8057
  253      1.6454
  254      7.8980
  255     22.9892
  256    -10.4560
  257     20.9322
  258    -25.9450
  259     -6.2040
  260     -6.1393
  261    -19.7358
  262      3.7971
  263     15.5956
  264    -30.4751
  265     24.5439
  266    -16.6976
  267     16.5146
  268    -18.4503
  269    -18.1101
  270     12.2326
  271     10.3839
  272     -9.0518
  273     -4.6616
  274    -13.9527
  275     45.0524
  276    -46.7228
  277     34.2096
  278    -23.3606
  279     19.5978
  280      7.9021
  281    -15.3557
  282    -53.1352
  283     72.3102
  284     -6.1663
  285     -8.2973
  286     21.8412
  287    -33.0745
  288    -29.9392
  289     52.0964
  290    -10.8812
  291    -22.2367
  292     22.4353
  293     14.2454
  294    -11.8893
  295      8.5418
  296     -5.4865
  297    -12.2343
  298     25.9003
  299      6.6279
  300      6.0224
  301    -12.9484
  302     15.4339
  303      4.0781
  304     -8.6558
  305     -4.8763
  306    -10.2900
  307    -38.4320
  308     59.3711
  309      8.9558
  310    -10.8853
  311     -6.5949
  312      2.7134
  313     25.8760
  314     13.4757
  315    -23.6291
  316    -11.6539
  317     25.6635
  318    -15.8466
  319      9.3555
  320    -23.3891
  321     27.2519
  322    -31.9385
  323     60.7145
  324    -47.6799
  325      5.0295
  326     21.1091
  327    -36.8515
  328      6.5647
  329     -4.8280
  330    -27.8786
  331     37.5137
  332     21.5328
  333    -24.6894
  334      1.4331
  335    -31.1927
  336     25.6422
  337     -9.7940
  338     -7.0069
  339     10.7419
  340     -0.7643
  341     22.7915
  342    -21.7009
  343     15.8785
  344     10.3132
  345    -23.3176
  346    -17.3392
  347     11.0892
  348     20.5117
  349    -17.8116
  350    -19.1644
  351     26.2479
  352     -8.7088
  353      0.2090
  354    -12.6375
  355     13.3186
  356     -0.4450
  357     43.3088
  358    -38.3476
  359      2.1209
  360     10.9273
  361      1.7943
  362     29.2138
  363    -54.0856
  364     15.3079
  365     -1.4592
  366     -3.1160
  367    -25.2509
  368     36.5249
  369    -10.6223
  370    -19.1730
  371     28.3920
  372      6.3202
  373    -27.5409
  374     21.9676
  375    -18.0332
  376     22.0581
  377     -1.4916
  378    -23.8834
  379     14.6467
  380     -6.2743
  381      3.9826
  382     32.1272
  383      1.5437
  384    -14.4342
  385     19.2938
  386    -13.6519
  387     -0.9150
  388     12.3161
  389     -8.8318
  390      7.4868
  391     -7.1300
  392    -22.2477
  393     21.7609
  394    -23.7384
  395      9.4376
  396     13.2504
  397      3.6533
  398    -47.5823
  399      6.3026
  400    -10.0118
  401     -2.2257
  402     20.9999
  403     -4.6978
  404     12.9956
  405     -7.8929
  406      0.5015
  407      0.0991
  408     -4.7044
  409     29.5135
  410    -14.7559
  411      4.2645
  412    -14.6369
  413    -16.2321
  414     21.0016
  415     -9.2578
  416    -25.6057
  417      9.9615
  418     10.0953
  419     26.8632
  420     -8.7942
  421     -1.0814
  422    -44.4942
  423     31.2581
  424    -26.5404
  425     36.5135
  426      4.3988
  427     -0.7358
  428    -12.6439
  429    -11.6524
  430      3.7089
  431    -24.4879
  432     14.8517
  433    -15.1360
  434      6.4539
  435     -4.7922
  436      7.0083
  437      7.8314
  438      9.1387
  439    -11.1462
  440     -5.7794
  441     28.0682
  442    -13.3622
  443      3.1563
  444     -7.9269
  445     18.3398
  446    -34.5871
  447     44.6823
  448    -28.4330
  449     30.9919
  450    -14.2432
  451      2.4672
  452      0.0479
  453    -24.2096
  454     27.1428
  455     -9.1893
  456     -6.5989
  457    -12.1087
  458     16.6425
  459     -7.4964
  460      5.3680
  461     15.3248
  462    -17.3510
  463     40.2446
  464    -16.1707
  465     -1.4087
  466    -39.1303
  467     14.6002
  468     -7.1010
  469     -7.8911
  470      1.0829
  471     -4.5360
  472      2.0341
  473     -2.7566
  474    -21.2454
  475     26.7384
  476     15.2763
  477      0.5260
  478    -11.2336
  479     12.7077
  480    -26.4808
  481     16.1509
  482     -7.4593
  483     -0.3236
  484    -17.4669
  485      2.3579
  486     15.9330
  487     19.6682
  488     -9.9331
  489     20.5248
  490    -19.9956
  491    -28.0894
  492     -8.0517
  493    -11.2666
  494     11.4236
  495    -15.4953
  496     67.9332
  497    -21.9522
  498     37.3681
  499    -38.1761
  500     40.3845
  501      4.2333
  502    -26.8695
  503     22.5856
  504    -44.3040
  505     28.4412
  506    -22.7497
  507      0.6295
  508     -3.6046
  509    -17.0336
  510      1.9874
  511      1.2921
  512     29.2013
  513    -10.8208
  514     33.3157
  515      1.5256
  516    -38.7217
  517     -7.1317
  518      7.5693
  519    -13.1301
  520     26.7646
  521    -21.8613
  522      4.1813
  523    -33.1279
  524     60.0256
  525      3.4790
  526    -12.5257
  527     -3.0295
  528      5.9303
  529    -10.5024
  530      3.8720
  531    -19.1572
  532    -18.4397
  533     46.2970
  534    -19.6322
  535     14.7426
  536     24.1501
  537    -39.1114
  538     -7.8539
  539      3.2679
  540     27.8233
  541    -22.7353
  542      9.2402
  543     -2.8297
  544     21.0191
  545      5.7512
  546    -10.1782
  547     -4.4768
  548     22.9316
  549     -2.8869
  550    -14.0433
  551     25.6234
  552      0.0048
  553    -25.2238
  554      8.9871
  555    -10.8150
  556      7.9176
  557     -2.6401
  558    -19.4548
  559     58.7900
  560    -36.5655
  561      4.7438
  562    -31.3508
  563      8.0204
  564     18.5689
  565      8.2664
  566     -1.9668
  567     -0.6437
  568     -3.7528
  569    -28.7773
  570     29.3216
  571     -0.1574
  572    -27.3464
  573     18.9967
  574    -34.2125
  575     15.3788
  576      2.3836
  577     11.3249
  578     30.9943
  579    -24.3878
  580      3.2875
  581     -7.2525
  582     19.9137
  583    -10.9920
  584    -12.2914
  585      7.7267
  586    -29.8018
  587     -5.3695
  588     -6.1607
  589     52.6508
  590    -23.6706
  591      9.7854
  592     30.6221
  593    -20.5682
  594      6.6231
  595     -4.2268
  596    -19.4779
  597    -16.2369
  598     25.7289
  599      0.3207
  600     -5.5738
  601     14.8513
  602    -16.0555
  603     46.1361
  604    -54.6218
  605     22.0235
  606     -1.7792
  607      6.5718
  608     26.7936
  609    -24.7940
  610     50.0507
  611    -29.5701
  612     16.9424
  613    -46.9502
  614      1.6353
  615      2.1636
  616     -2.9804
  617     16.1918
  618      2.0615
  619     16.9513
  620    -21.6233
  621    -25.9782
  622     -2.8644
  623     20.9676
  624      6.7293
  625     16.4960
  626    -16.7550
  627    -16.6536
  628     21.0279
  629    -30.9277
  630      8.0136
  631     16.1899
  632    -15.4673
  633      6.5792
  634    -25.6510
  635    -13.3124
  636     13.6208
  637    -11.4352
  638     -2.6789
  639     15.9545
  640     19.9366
  641     12.7181
  642    -28.6321
  643      1.5319
  644      5.6194
  645     16.5750
  646     12.7840
  647     -5.9841
  648      5.5670
  649    -23.3065
  650     -4.0583
  651    -28.3852
  652     45.9855
  653    -10.2613
  654    -26.1817
  655     22.0940
  656      2.8361
  657    -14.1110
  658      9.2247
  659    -38.0779
  660     22.1118
  661     20.0316
  662    -20.8290
  663     18.4175
  664     -8.0237
  665     12.9482
  666     -5.5626
  667    -25.1285
  668     -7.8415
  669     17.8504
  670      4.0048
  671     -1.8409
  672      3.7966
  673    -10.6063
  674     37.3983
  675    -24.0121
  676     22.1517
  677    -10.9607
  678     10.1906
  679     -5.3325
  680     -0.6587
  681     23.7069
  682    -14.5458
  683     23.4934
  684     -2.2300
  685    -20.1530
  686     -0.0738
  687      0.2505
  688    -18.2730
  689     15.4056
  690      4.8357
  691     22.5241
  692     -9.3418
  693     31.8341
  694    -20.7124
  695    -15.7698
  696     13.6886
  697     -6.6055
  698      5.1329
  699    -18.8470
  700      5.3071
  701    -14.2322
  702      8.5105
  703      7.8060
  704    -13.3540
  705     35.5960
  706    -24.6293
  707     21.3850
  708    -26.2114
  709     -0.4511
  710    -20.5553
  711     16.4266
  712      9.0472
  713      7.3809
  714     -3.4476
  715    -29.0262
  716     26.2525
  717      4.7536
  718     11.9778
  719    -22.9056
  720     -9.1296
  721     45.1183
  722    -21.1861
  723      2.7591
  724    -36.0793
  725     26.7796
  726      0.7433
  727    -34.6346
  728      9.6495
  729     10.0663
  730     14.4531
  731    -35.4201
  732     -3.0249
  733     10.7660
  734     -2.0995
  735     20.4358
  736     -8.5354
  737     19.3165
  738     14.0078
  739    -15.0227
  740    -37.8713
  741     11.2687
  742     -9.5177
  743     13.5381
  744     24.4353
  745     32.0133
  746      8.4453
  747    -19.7075
  748     -8.5394
  749     -9.4539
  750     26.9252
  751    -38.9458
  752     -8.3471
  753     56.1593
  754    -24.7599
  755    -32.3020
  756     20.1848
  757     16.7093
  758    -34.5460
  759     14.0356
  760    -25.4300
  761      7.2241
  762     34.8958
  763    -14.5628
  764    -17.6396
  765    -24.5145
  766     14.6266
  767      2.7933
  768      9.9449
  769     -9.6093
  770    -10.7679
  771     11.2155
  772     23.4940
  773     -9.9372
  774     20.1495
  775      3.8587
  776      4.4686
  777    -33.3296
  778     19.0190
  779    -19.6044
  780      5.7331
  781    -36.6778
  782     21.9088
  783    -34.4626
  784     -3.5467
  785     46.6372
  786    -30.0799
  787     25.3015
  788    -13.0913
  789     25.6856
  790     -8.4492
  791     14.1971
  792      4.6703
  793    -56.3332
  794     33.9821
  795    -28.3667
  796      3.5105
  797      3.0392
  798      3.8115
  799      1.2187
  800     28.0780
  801    -12.1003
  802      6.0626
  803     37.3542
  804    -18.1401
  805     -6.7800
  806    -39.4191
  807     -2.7906
  808    -13.3246
  809     45.1920
  810     -6.1631
  811     -1.5914
  812     -7.3274
  813     10.8971
  814    -29.9805
  815     -1.6853
  816     14.6350
  817      3.1840
  818     13.7835
  819     -2.5860
  820     -7.5498
  821     11.9629
  822    -23.7965
  823    -50.0865
  824     41.9536
  825    -14.1184
  826     14.2076
  827    -18.5569
  828      4.8416
  829     -9.5245
  830     33.1813
  831     11.5261
  832    -22.3033
  833     11.5464
  834     -0.1724
  835     12.6905
  836     16.2776
  837    -15.0418
  838     23.7470
  839     -7.5867
  840     34.1323
  841    -26.6672
  842      4.4693
  843    -40.6892
  844     29.1745
  845    -25.4472
  846      9.6927
  847     22.3756
  848    -28.4391
  849      1.8095
  850     -2.9557
  851     19.7826
  852    -27.8407
  853     -3.1324
  854     50.0895
  855    -29.2943
  856      9.4563
  857    -13.0447
  858      4.2782
  859      8.5927
  860    -10.6924
  861    -20.9158
  862     46.4933
  863      5.2566
  864     11.2211
  865     -6.7343
  866     14.5127
  867    -19.3390
  868    -42.5925
  869     22.0071
  870      3.0770
  871     13.7780
  872     -3.5651
  873     -6.6678
  874      8.0311
  875    -10.0595
  876      5.2141
  877    -19.7010
  878      8.2032
  879      1.0121
  880    -12.5297
  881    -22.7521
  882     27.8681
  883    -11.5560
  884     -7.2407
  885     -4.8746
  886     12.4567
  887      5.2764
  888      5.8403
  889      1.2406
  890     36.5111
  891    -25.3744
  892     -2.8102
  893     -8.4509
  894     10.1376
  895    -17.8231
  896      4.4959
  897     -4.9902
  898     20.8538
  899    -34.4543
  900    -23.2367
  901     39.2455
  902     -2.5687
  903      9.3619
  904    -21.7015
  905    -16.1778
  906     36.6526
  907    -22.8703
  908     13.9433
  909    -19.2591
  910     28.8219
  911     47.1978
  912    -26.0457
  913     18.8182
  914     22.0631
  915    -62.4567
  916      4.7553
  917     -3.9539
  918     14.6672
  919    -17.1272
  920     21.4907
  921     -7.9552
  922    -39.4871
  923     10.0250
  924     -3.0818
  925     22.8349
  926     16.5607
  927     -0.9469
  928    -10.9332
  929     24.7445
  930     -7.1268
  931      4.0118
  932    -13.5075
  933      6.3866
  934    -20.1948
  935      9.0675
  936     -6.3538
  937     44.9490
  938    -27.5115
  939      3.7184
  940     17.9902
  941    -36.1134
  942     17.2297
  943      9.9358
  944     -6.4227
  945      8.4499
  946    -19.7071
  947     -3.7508
  948      7.3346
  949      4.1051
  950    -30.6196
  951    -16.3831
  952     11.5102
  953     13.5242
  954      3.8560
  955     -4.2544
  956    -11.1514
  957     20.2573
  958     40.3776
  959    -26.9074
  960     -6.2064
  961      1.1681
  962     29.5766
  963    -27.4519
  964    -12.9648
  965      7.0691
  966    -21.6277
  967     -6.9604
  968     -6.0088
  969    -29.5228
  970     25.0187
  971     -4.0286
  972     -0.0495
  973     -2.8093
  974     10.8394
  975     -3.4907
  976     19.4073
  977    -16.3134
  978    -17.1945
  979     -5.8565
  980     -3.0469
  981     -5.3553
  982     18.2454
  983      4.0360
  984      5.7410
  985    -10.3098
  986    -13.9109
  987     12.1816
  988     28.0364
  989    -15.2401
  990      8.4673
  991     -4.1429
  992     -9.1013
  993      8.0593
  994     13.1007
  995      3.1460
  996      7.6790
  997    -19.4775
  998      9.9296
  999     10.5572
 1000    -21.2651
 1001    -10.8967
 1002     15.6327
 1003      2.7844
 1004      4.3350
 1005     20.7991
 1006    -15.1847
 1007     -5.7922
 1008     19.9373
 1009      1.5580
 1010    -46.3599
 1011     26.5979
 1012    -11.9576
 1013     -3.0243
 1014     -5.0478
 1015    -17.3378
 1016      1.3795
 1017     19.7844
 1018    -19.4656
 1019     14.6577
 1020     22.5778
 1021     28.6494
 1022    -38.9682
 1023      0.0062
 1024    -43.9991
