  0.00    0.00000000
  0.01    0.00000000
  0.02    0.00000000
  0.03    0.00000000
  0.04    0.00000000
  0.05    0.00000000
  0.06    0.00000000
  0.07    0.00000000
  0.08    0.00000000
  0.09    0.00000000
  0.10    0.00000000
  0.11    0.00000000
  0.12    0.00000000
  0.13    0.00000000
  0.14    0.00000001
  0.15    0.00000001
  0.16    0.00000001
  0.17    0.00000001
  0.18    0.00000002
  0.19    0.00000002
  0.20    0.00000003
  0.21    0.00000005
  0.22    0.00000006
  0.23    0.00000009
  0.24    0.00000012
  0.25    0.00000016
  0.26    0.00000022
  0.27    0.00000030
  0.28    0.00000041
  0.29    0.00000055
  0.30    0.00000074
  0.31    0.00000099
  0.32    0.00000131
  0.33    0.00000174
  0.34    0.00000230
  0.35    0.00000303
  0.36    0.00000397
  0.37    0.00000519
  0.38    0.00000676
  0.39    0.00000877
  0.40    0.00001133
  0.41    0.00001458
  0.42    0.00001869
  0.43    0.00002387
  0.44    0.00003038
  0.45    0.00003851
  0.46    0.00004863
  0.47    0.00006118
  0.48    0.00007668
  0.49    0.00009575
  0.50    0.00011911
  0.51    0.00014762
  0.52    0.00018226
  0.53    0.00022419
  0.54    0.00027474
  0.55    0.00033544
  0.56    0.00040804
  0.57    0.00049450
  0.58    0.00059708
  0.59    0.00071827
  0.60    0.00086089
  0.61    0.00102805
  0.62    0.00122318
  0.63    0.00145005
  0.64    0.00171273
  0.65    0.00201568
  0.66    0.00236365
  0.67    0.00276170
  0.68    0.00321521
  0.69    0.00372982
  0.70    0.00431138
  0.71    0.00496594
  0.72    0.00569968
  0.73    0.00651882
  0.74    0.00742959
  0.75    0.00843810
  0.76    0.00955028
  0.77    0.01077178
  0.78    0.01210785
  0.79    0.01356323
  0.80    0.01514206
  0.81    0.01684775
  0.82    0.01868287
  0.83    0.02064908
  0.84    0.02274698
  0.85    0.02497605
  0.86    0.02733460
  0.87    0.02981966
  0.88    0.03242697
  0.89    0.03515095
  0.90    0.03798471
  0.91    0.04092002
  0.92    0.04394742
  0.93    0.04705623
  0.94    0.05023467
  0.95    0.05346993
  0.96    0.05674833
  0.97    0.06005548
  0.98    0.06337638
  0.99    0.06669563
  1.00    0.06999764
  1.01    0.07326676
  1.02    0.07648749
  1.03    0.07964471
  1.04    0.08272378
  1.05    0.08571080
  1.06    0.08859270
  1.07    0.09135741
  1.08    0.09399402
  1.09    0.09649283
  1.10    0.09884545
  1.11    0.10104490
  1.12    0.10308559
  1.13    0.10496337
  1.14    0.10667552
  1.15    0.10822070
  1.16    0.10959891
  1.17    0.11081145
  1.18    0.11186077
  1.19    0.11275045
  1.20    0.11348503
  1.21    0.11406994
  1.22    0.11451132
  1.23    0.11481599
  1.24    0.11499124
  1.25    0.11504475
  1.26    0.11498447
  1.27    0.11481852
  1.28    0.11455506
  1.29    0.11420224
  1.30    0.11376808
  1.31    0.11326042
  1.32    0.11268685
  1.33    0.11205469
  1.34    0.11137089
  1.35    0.11064206
  1.36    0.10987444
  1.37    0.10907384
  1.38    0.10824573
  1.39    0.10739514
  1.40    0.10652675
  1.41    0.10564487
  1.42    0.10475347
  1.43    0.10385621
  1.44    0.10295643
  1.45    0.10205722
  1.46    0.10116144
  1.47    0.10027171
  1.48    0.09939050
  1.49    0.09852010
  1.50    0.09766267
  1.51    0.09682028
  1.52    0.09599490
  1.53    0.09518843
  1.54    0.09440274
  1.55    0.09363965
  1.56    0.09290098
  1.57    0.09218851
  1.58    0.09150405
  1.59    0.09084940
  1.60    0.09022637
  1.61    0.08963677
  1.62    0.08908242
  1.63    0.08856515
  1.64    0.08808676
  1.65    0.08764907
  1.66    0.08725385
  1.67    0.08690284
  1.68    0.08659773
  1.69    0.08634016
  1.70    0.08613167
  1.71    0.08597372
  1.72    0.08586762
  1.73    0.08581459
  1.74    0.08581565
  1.75    0.08587169
  1.76    0.08598338
  1.77    0.08615118
  1.78    0.08637534
  1.79    0.08665584
  1.80    0.08699244
  1.81    0.08738458
  1.82    0.08783145
  1.83    0.08833195
  1.84    0.08888466
  1.85    0.08948786
  1.86    0.09013955
  1.87    0.09083741
  1.88    0.09157883
  1.89    0.09236090
  1.90    0.09318045
  1.91    0.09403403
  1.92    0.09491798
  1.93    0.09582836
  1.94    0.09676109
  1.95    0.09771186
  1.96    0.09867625
  1.97    0.09964970
  1.98    0.10062758
  1.99    0.10160518
  2.00    0.10257779
  2.01    0.10354072
  2.02    0.10448930
  2.03    0.10541896
  2.04    0.10632524
  2.05    0.10720382
  2.06    0.10805056
  2.07    0.10886152
  2.08    0.10963300
  2.09    0.11036155
  2.10    0.11104398
  2.11    0.11167741
  2.12    0.11225926
  2.13    0.11278727
  2.14    0.11325953
  2.15    0.11367441
  2.16    0.11403068
  2.17    0.11432739
  2.18    0.11456395
  2.19    0.11474009
  2.20    0.11485583
  2.21    0.11491152
  2.22    0.11490778
  2.23    0.11484549
  2.24    0.11472579
  2.25    0.11455004
  2.26    0.11431983
  2.27    0.11403691
  2.28    0.11370321
  2.29    0.11332080
  2.30    0.11289187
  2.31    0.11241869
  2.32    0.11190364
  2.33    0.11134911
  2.34    0.11075757
  2.35    0.11013146
  2.36    0.10947326
  2.37    0.10878540
  2.38    0.10807030
  2.39    0.10733031
  2.40    0.10656773
  2.41    0.10578480
  2.42    0.10498368
  2.43    0.10416643
  2.44    0.10333503
  2.45    0.10249136
  2.46    0.10163721
  2.47    0.10077425
  2.48    0.09990406
  2.49    0.09902811
  2.50    0.09814778
  2.51    0.09726434
  2.52    0.09637897
  2.53    0.09549274
  2.54    0.09460664
  2.55    0.09372158
  2.56    0.09283837
  2.57    0.09195774
  2.58    0.09108036
  2.59    0.09020683
  2.60    0.08933767
  2.61    0.08847335
  2.62    0.08761428
  2.63    0.08676082
  2.64    0.08591329
  2.65    0.08507195
  2.66    0.08423702
  2.67    0.08340872
  2.68    0.08258719
  2.69    0.08177257
  2.70    0.08096496
  2.71    0.08016446
  2.72    0.07937113
  2.73    0.07858500
  2.74    0.07780611
  2.75    0.07703448
  2.76    0.07627010
  2.77    0.07551298
  2.78    0.07476309
  2.79    0.07402040
  2.80    0.07328490
  2.81    0.07255654
  2.82    0.07183528
  2.83    0.07112107
  2.84    0.07041387
  2.85    0.06971362
  2.86    0.06902026
  2.87    0.06833375
  2.88    0.06765402
  2.89    0.06698102
  2.90    0.06631468
  2.91    0.06565495
  2.92    0.06500176
  2.93    0.06435505
  2.94    0.06371476
  2.95    0.06308083
  2.96    0.06245320
  2.97    0.06183181
  2.98    0.06121660
  2.99    0.06060750
  3.00    0.06000446
  3.01    0.05940741
  3.02    0.05881631
  3.03    0.05823108
  3.04    0.05765168
  3.05    0.05707804
  3.06    0.05651011
  3.07    0.05594782
  3.08    0.05539114
  3.09    0.05483999
  3.10    0.05429432
  3.11    0.05375408
  3.12    0.05321922
  3.13    0.05268968
  3.14    0.05216541
  3.15    0.05164636
  3.16    0.05113247
  3.17    0.05062369
  3.18    0.05011998
  3.19    0.04962128
  3.20    0.04912754
  3.21    0.04863871
  3.22    0.04815475
  3.23    0.04767560
  3.24    0.04720122
  3.25    0.04673156
  3.26    0.04626657
  3.27    0.04580621
  3.28    0.04535043
  3.29    0.04489919
  3.30    0.04445243
  3.31    0.04401012
  3.32    0.04357222
  3.33    0.04313867
  3.34    0.04270943
  3.35    0.04228446
  3.36    0.04186373
  3.37    0.04144717
  3.38    0.04103477
  3.39    0.04062646
  3.40    0.04022222
  3.41    0.03982201
  3.42    0.03942577
  3.43    0.03903348
  3.44    0.03864509
  3.45    0.03826056
  3.46    0.03787986
  3.47    0.03750295
  3.48    0.03712979
  3.49    0.03676035
  3.50    0.03639457
  3.51    0.03603244
  3.52    0.03567391
  3.53    0.03531895
  3.54    0.03496752
  3.55    0.03461959
  3.56    0.03427512
  3.57    0.03393408
  3.58    0.03359643
  3.59    0.03326214
  3.60    0.03293117
  3.61    0.03260350
  3.62    0.03227909
  3.63    0.03195791
  3.64    0.03163992
  3.65    0.03132510
  3.66    0.03101341
  3.67    0.03070482
  3.68    0.03039930
  3.69    0.03009683
  3.70    0.02979736
  3.71    0.02950087
  3.72    0.02920733
  3.73    0.02891671
  3.74    0.02862899
  3.75    0.02834412
  3.76    0.02806209
  3.77    0.02778287
  3.78    0.02750643
  3.79    0.02723273
  3.80    0.02696176
  3.81    0.02669349
  3.82    0.02642788
  3.83    0.02616492
  3.84    0.02590458
  3.85    0.02564682
  3.86    0.02539163
  3.87    0.02513898
  3.88    0.02488884
  3.89    0.02464120
  3.90    0.02439601
  3.91    0.02415327
  3.92    0.02391294
  3.93    0.02367500
  3.94    0.02343943
  3.95    0.02320621
  3.96    0.02297530
  3.97    0.02274669
  3.98    0.02252036
  3.99    0.02229628
  4.00    0.02207443
  4.01    0.02185478
  4.02    0.02163732
  4.03    0.02142203
  4.04    0.02120887
  4.05    0.02099784
  4.06    0.02078891
  4.07    0.02058206
  4.08    0.02037726
  4.09    0.02017451
  4.10    0.01997377
  4.11    0.01977502
  4.12    0.01957826
  4.13    0.01938345
  4.14    0.01919058
  4.15    0.01899963
  4.16    0.01881058
  4.17    0.01862342
  4.18    0.01843811
  4.19    0.01825465
  4.20    0.01807301
  4.21    0.01789318
  4.22    0.01771514
  4.23    0.01753887
  4.24    0.01736436
  4.25    0.01719158
  4.26    0.01702052
  4.27    0.01685116
  4.28    0.01668349
  4.29    0.01651749
  4.30    0.01635314
  4.31    0.01619042
  4.32    0.01602932
  4.33    0.01586983
  4.34    0.01571192
  4.35    0.01555558
  4.36    0.01540080
  4.37    0.01524756
  4.38    0.01509585
  4.39    0.01494564
  4.40    0.01479693
  4.41    0.01464970
  4.42    0.01450393
  4.43    0.01435961
  4.44    0.01421673
  4.45    0.01407527
  4.46    0.01393522
  4.47    0.01379657
  4.48    0.01365929
  4.49    0.01352338
  4.50    0.01338882
  4.51    0.01325559
  4.52    0.01312370
  4.53    0.01299312
  4.54    0.01286383
  4.55    0.01273584
  4.56    0.01260911
  4.57    0.01248365
  4.58    0.01235943
  4.59    0.01223646
  4.60    0.01211470
  4.61    0.01199416
  4.62    0.01187481
  4.63    0.01175666
  4.64    0.01163968
  4.65    0.01152386
  4.66    0.01140920
  4.67    0.01129567
  4.68    0.01118328
  4.69    0.01107200
  4.70    0.01096184
  4.71    0.01085276
  4.72    0.01074478
  4.73    0.01063786
  4.74    0.01053202
  4.75    0.01042722
  4.76    0.01032347
  4.77    0.01022075
  4.78    0.01011905
  4.79    0.01001836
  4.80    0.00991868
  4.81    0.00981999
  4.82    0.00972228
  4.83    0.00962554
  4.84    0.00952976
  4.85    0.00943494
  4.86    0.00934106
  4.87    0.00924811
  4.88    0.00915609
  4.89    0.00906499
  4.90    0.00897479
  4.91    0.00888549
  4.92    0.00879708
  4.93    0.00870955
  4.94    0.00862288
  4.95    0.00853709
  4.96    0.00845214
  4.97    0.00836804
  4.98    0.00828478
  4.99    0.00820234
  5.00    0.00812073
  5.01    0.00803992
  5.02    0.00795993
  5.03    0.00788072
  5.04    0.00780231
  5.05    0.00772467
  5.06    0.00764781
  5.07    0.00757172
  5.08    0.00749638
  5.09    0.00742179
  5.10    0.00734794
  5.11    0.00727482
  5.12    0.00720244
  5.13    0.00713077
  5.14    0.00705982
  5.15    0.00698957
  5.16    0.00692003
  5.17    0.00685117
  5.18    0.00678300
  5.19    0.00671551
  5.20    0.00664869
  5.21    0.00658253
  5.22    0.00651704
  5.23    0.00645219
  5.24    0.00638799
  5.25    0.00632443
  5.26    0.00626150
  5.27    0.00619920
  5.28    0.00613751
  5.29    0.00607644
  5.30    0.00601598
  5.31    0.00595612
  5.32    0.00589686
  5.33    0.00583818
  5.34    0.00578009
  5.35    0.00572258
  5.36    0.00566564
  5.37    0.00560927
  5.38    0.00555345
  5.39    0.00549819
  5.40    0.00544349
  5.41    0.00538932
  5.42    0.00533570
  5.43    0.00528261
  5.44    0.00523004
  5.45    0.00517800
  5.46    0.00512648
  5.47    0.00507547
  5.48    0.00502497
  5.49    0.00497497
  5.50    0.00492547
  5.51    0.00487646
  5.52    0.00482794
  5.53    0.00477990
  5.54    0.00473234
  5.55    0.00468525
  5.56    0.00463863
  5.57    0.00459248
  5.58    0.00454678
  5.59    0.00450154
  5.60    0.00445675
  5.61    0.00441240
  5.62    0.00436850
  5.63    0.00432503
  5.64    0.00428200
  5.65    0.00423939
  5.66    0.00419721
  5.67    0.00415545
  5.68    0.00411410
  5.69    0.00407316
  5.70    0.00403263
  5.71    0.00399251
  5.72    0.00395278
  5.73    0.00391345
  5.74    0.00387451
  5.75    0.00383596
  5.76    0.00379779
  5.77    0.00376000
  5.78    0.00372259
  5.79    0.00368555
  5.80    0.00364888
  5.81    0.00361257
  5.82    0.00357663
  5.83    0.00354104
  5.84    0.00350580
  5.85    0.00347092
  5.86    0.00343638
  5.87    0.00340219
  5.88    0.00336834
  5.89    0.00333482
  5.90    0.00330164
  5.91    0.00326879
  5.92    0.00323626
  5.93    0.00320406
  5.94    0.00317218
  5.95    0.00314062
  5.96    0.00310937
  5.97    0.00307843
  5.98    0.00304780
  5.99    0.00301747
  6.00    0.00298745
  6.01    0.00295772
  6.02    0.00292829
  6.03    0.00289916
  6.04    0.00287031
  6.05    0.00284175
  6.06    0.00281347
  6.07    0.00278548
  6.08    0.00275776
  6.09    0.00273032
  6.10    0.00270316
  6.11    0.00267626
  6.12    0.00264963
  6.13    0.00262326
  6.14    0.00259716
  6.15    0.00257132
  6.16    0.00254574
  6.17    0.00252041
  6.18    0.00249533
  6.19    0.00247050
  6.20    0.00244592
  6.21    0.00242158
  6.22    0.00239748
  6.23    0.00237363
  6.24    0.00235001
  6.25    0.00232663
  6.26    0.00230348
  6.27    0.00228056
  6.28    0.00225787
  6.29    0.00223540
  6.30    0.00221316
  6.31    0.00219114
  6.32    0.00216933
  6.33    0.00214775
  6.34    0.00212638
  6.35    0.00210522
  6.36    0.00208427
  6.37    0.00206353
  6.38    0.00204300
  6.39    0.00202267
  6.40    0.00200255
  6.41    0.00198262
  6.42    0.00196289
  6.43    0.00194336
  6.44    0.00192403
  6.45    0.00190488
  6.46    0.00188593
  6.47    0.00186716
  6.48    0.00184858
  6.49    0.00183019
  6.50    0.00181198
  6.51    0.00179395
  6.52    0.00177610
  6.53    0.00175843
  6.54    0.00174093
  6.55    0.00172361
  6.56    0.00170646
  6.57    0.00168948
  6.58    0.00167267
  6.59    0.00165602
  6.60    0.00163955
  6.61    0.00162323
  6.62    0.00160708
  6.63    0.00159109
  6.64    0.00157526
  6.65    0.00155958
  6.66    0.00154407
  6.67    0.00152870
  6.68    0.00151349
  6.69    0.00149843
  6.70    0.00148352
  6.71    0.00146876
  6.72    0.00145415
  6.73    0.00143968
  6.74    0.00142535
  6.75    0.00141117
  6.76    0.00139713
  6.77    0.00138323
  6.78    0.00136946
  6.79    0.00135584
  6.80    0.00134235
  6.81    0.00132899
  6.82    0.00131577
  6.83    0.00130267
  6.84    0.00128971
  6.85    0.00127688
  6.86    0.00126417
  6.87    0.00125160
  6.88    0.00123914
  6.89    0.00122681
  6.90    0.00121461
  6.91    0.00120252
  6.92    0.00119056
  6.93    0.00117871
  6.94    0.00116698
  6.95    0.00115537
  6.96    0.00114387
  6.97    0.00113249
  6.98    0.00112122
  6.99    0.00111007
  7.00    0.00109902
  7.01    0.00108809
  7.02    0.00107726
  7.03    0.00106654
  7.04    0.00105593
  7.05    0.00104542
  7.06    0.00103502
  7.07    0.00102472
  7.08    0.00101452
  7.09    0.00100443
  7.10    0.00099444
  7.11    0.00098454
  7.12    0.00097474
  7.13    0.00096505
  7.14    0.00095544
  7.15    0.00094594
  7.16    0.00093652
  7.17    0.00092721
  7.18    0.00091798
  7.19    0.00090885
  7.20    0.00089980
  7.21    0.00089085
  7.22    0.00088198
  7.23    0.00087321
  7.24    0.00086452
  7.25    0.00085592
  7.26    0.00084740
  7.27    0.00083897
  7.28    0.00083062
  7.29    0.00082236
  7.30    0.00081417
  7.31    0.00080607
  7.32    0.00079805
  7.33    0.00079011
  7.34    0.00078225
  7.35    0.00077447
  7.36    0.00076676
  7.37    0.00075913
  7.38    0.00075158
  7.39    0.00074410
  7.40    0.00073670
  7.41    0.00072937
  7.42    0.00072211
  7.43    0.00071492
  7.44    0.00070781
  7.45    0.00070077
  7.46    0.00069379
  7.47    0.00068689
  7.48    0.00068006
  7.49    0.00067329
  7.50    0.00066659
  7.51    0.00065996
  7.52    0.00065339
  7.53    0.00064689
  7.54    0.00064045
  7.55    0.00063408
  7.56    0.00062777
  7.57    0.00062152
  7.58    0.00061534
  7.59    0.00060922
  7.60    0.00060316
  7.61    0.00059715
  7.62    0.00059121
  7.63    0.00058533
  7.64    0.00057951
  7.65    0.00057374
  7.66    0.00056803
  7.67    0.00056238
  7.68    0.00055678
  7.69    0.00055124
  7.70    0.00054576
  7.71    0.00054033
  7.72    0.00053495
  7.73    0.00052963
  7.74    0.00052436
  7.75    0.00051914
  7.76    0.00051398
  7.77    0.00050886
  7.78    0.00050380
  7.79    0.00049878
  7.80    0.00049382
  7.81    0.00048891
  7.82    0.00048404
  7.83    0.00047923
  7.84    0.00047446
  7.85    0.00046974
  7.86    0.00046506
  7.87    0.00046044
  7.88    0.00045586
  7.89    0.00045132
  7.90    0.00044683
  7.91    0.00044238
  7.92    0.00043798
  7.93    0.00043362
  7.94    0.00042931
  7.95    0.00042504
  7.96    0.00042081
  7.97    0.00041662
  7.98    0.00041247
  7.99    0.00040837
  8.00    0.00040431
  8.01    0.00040028
  8.02    0.00039630
  8.03    0.00039236
  8.04    0.00038845
  8.05    0.00038459
  8.06    0.00038076
  8.07    0.00037697
  8.08    0.00037322
  8.09    0.00036951
  8.10    0.00036583
  8.11    0.00036219
  8.12    0.00035859
  8.13    0.00035502
  8.14    0.00035149
  8.15    0.00034799
  8.16    0.00034453
  8.17    0.00034110
  8.18    0.00033771
  8.19    0.00033435
  8.20    0.00033102
  8.21    0.00032773
  8.22    0.00032446
  8.23    0.00032124
  8.24    0.00031804
  8.25    0.00031487
  8.26    0.00031174
  8.27    0.00030864
  8.28    0.00030557
  8.29    0.00030253
  8.30    0.00029952
  8.31    0.00029654
  8.32    0.00029359
  8.33    0.00029067
  8.34    0.00028777
  8.35    0.00028491
  8.36    0.00028208
  8.37    0.00027927
  8.38    0.00027649
  8.39    0.00027374
  8.40    0.00027102
  8.41    0.00026832
  8.42    0.00026565
  8.43    0.00026301
  8.44    0.00026039
  8.45    0.00025780
  8.46    0.00025523
  8.47    0.00025269
  8.48    0.00025018
  8.49    0.00024769
  8.50    0.00024522
  8.51    0.00024278
  8.52    0.00024037
  8.53    0.00023798
  8.54    0.00023561
  8.55    0.00023326
  8.56    0.00023094
  8.57    0.00022865
  8.58    0.00022637
  8.59    0.00022412
  8.60    0.00022189
  8.61    0.00021968
  8.62    0.00021749
  8.63    0.00021533
  8.64    0.00021319
  8.65    0.00021107
  8.66    0.00020897
  8.67    0.00020689
  8.68    0.00020483
  8.69    0.00020279
  8.70    0.00020077
  8.71    0.00019878
  8.72    0.00019680
  8.73    0.00019484
  8.74    0.00019290
  8.75    0.00019098
  8.76    0.00018908
  8.77    0.00018720
  8.78    0.00018534
  8.79    0.00018349
  8.80    0.00018167
  8.81    0.00017986
  8.82    0.00017807
  8.83    0.00017630
  8.84    0.00017454
  8.85    0.00017281
  8.86    0.00017109
  8.87    0.00016939
  8.88    0.00016770
  8.89    0.00016603
  8.90    0.00016438
  8.91    0.00016274
  8.92    0.00016112
  8.93    0.00015952
  8.94    0.00015793
  8.95    0.00015636
  8.96    0.00015481
  8.97    0.00015327
  8.98    0.00015174
  8.99    0.00015023
  9.00    0.00014874
  9.01    0.00014726
  9.02    0.00014579
  9.03    0.00014434
  9.04    0.00014290
  9.05    0.00014148
  9.06    0.00014007
  9.07    0.00013868
  9.08    0.00013730
  9.09    0.00013593
  9.10    0.00013458
  9.11    0.00013324
  9.12    0.00013192
  9.13    0.00013060
  9.14    0.00012931
  9.15    0.00012802
  9.16    0.00012674
  9.17    0.00012548
  9.18    0.00012424
  9.19    0.00012300
  9.20    0.00012177
  9.21    0.00012056
  9.22    0.00011936
  9.23    0.00011818
  9.24    0.00011700
  9.25    0.00011584
  9.26    0.00011468
  9.27    0.00011354
  9.28    0.00011241
  9.29    0.00011129
  9.30    0.00011019
  9.31    0.00010909
  9.32    0.00010800
  9.33    0.00010693
  9.34    0.00010587
  9.35    0.00010481
  9.36    0.00010377
  9.37    0.00010274
  9.38    0.00010172
  9.39    0.00010070
  9.40    0.00009970
  9.41    0.00009871
  9.42    0.00009773
  9.43    0.00009675
  9.44    0.00009579
  9.45    0.00009484
  9.46    0.00009389
  9.47    0.00009296
  9.48    0.00009204
  9.49    0.00009112
  9.50    0.00009021
  9.51    0.00008932
  9.52    0.00008843
  9.53    0.00008755
  9.54    0.00008668
  9.55    0.00008581
  9.56    0.00008496
  9.57    0.00008411
  9.58    0.00008328
  9.59    0.00008245
  9.60    0.00008163
  9.61    0.00008082
  9.62    0.00008001
  9.63    0.00007922
  9.64    0.00007843
  9.65    0.00007765
  9.66    0.00007687
  9.67    0.00007611
  9.68    0.00007535
  9.69    0.00007460
  9.70    0.00007386
  9.71    0.00007313
  9.72    0.00007240
  9.73    0.00007168
  9.74    0.00007096
  9.75    0.00007026
  9.76    0.00006956
  9.77    0.00006887
  9.78    0.00006818
  9.79    0.00006750
  9.80    0.00006683
  9.81    0.00006617
  9.82    0.00006551
  9.83    0.00006486
  9.84    0.00006421
  9.85    0.00006357
  9.86    0.00006294
  9.87    0.00006231
  9.88    0.00006169
  9.89    0.00006108
  9.90    0.00006047
  9.91    0.00005987
  9.92    0.00005927
  9.93    0.00005868
  9.94    0.00005810
  9.95    0.00005752
  9.96    0.00005695
  9.97    0.00005638
  9.98    0.00005582
  9.99    0.00005527
 10.00    0.00005472
 10.01    0.00005417
 10.02    0.00005363
 10.03    0.00005310
 10.04    0.00005257
 10.05    0.00005205
 10.06    0.00005153
 10.07    0.00005102
 10.08    0.00005051
 10.09    0.00005001
 10.10    0.00004951
 10.11    0.00004902
 10.12    0.00004853
 10.13    0.00004805
 10.14    0.00004757
 10.15    0.00004710
 10.16    0.00004663
 10.17    0.00004616
 10.18    0.00004570
 10.19    0.00004525
 10.20    0.00004480
 10.21    0.00004435
 10.22    0.00004391
 10.23    0.00004347
 10.24    0.00004304
 10.25    0.00004261
 10.26    0.00004219
 10.27    0.00004177
 10.28    0.00004135
 10.29    0.00004094
 10.30    0.00004054
 10.31    0.00004013
 10.32    0.00003973
 10.33    0.00003934
 10.34    0.00003895
 10.35    0.00003856
 10.36    0.00003817
 10.37    0.00003779
 10.38    0.00003742
 10.39    0.00003705
 10.40    0.00003668
 10.41    0.00003631
 10.42    0.00003595
 10.43    0.00003559
 10.44    0.00003524
 10.45    0.00003489
 10.46    0.00003454
 10.47    0.00003420
 10.48    0.00003386
 10.49    0.00003352
 10.50    0.00003319
 10.51    0.00003286
 10.52    0.00003253
 10.53    0.00003221
 10.54    0.00003189
 10.55    0.00003157
 10.56    0.00003125
 10.57    0.00003094
 10.58    0.00003064
 10.59    0.00003033
 10.60    0.00003003
 10.61    0.00002973
 10.62    0.00002943
 10.63    0.00002914
 10.64    0.00002885
 10.65    0.00002856
 10.66    0.00002828
 10.67    0.00002800
 10.68    0.00002772
 10.69    0.00002744
 10.70    0.00002717
 10.71    0.00002690
 10.72    0.00002663
 10.73    0.00002637
 10.74    0.00002611
 10.75    0.00002585
 10.76    0.00002559
 10.77    0.00002533
 10.78    0.00002508
 10.79    0.00002483
 10.80    0.00002459
 10.81    0.00002434
 10.82    0.00002410
 10.83    0.00002386
 10.84    0.00002362
 10.85    0.00002339
 10.86    0.00002315
 10.87    0.00002292
 10.88    0.00002270
 10.89    0.00002247
 10.90    0.00002225
 10.91    0.00002202
 10.92    0.00002181
 10.93    0.00002159
 10.94    0.00002137
 10.95    0.00002116
 10.96    0.00002095
 10.97    0.00002074
 10.98    0.00002054
 10.99    0.00002033
 11.00    0.00002013
 11.01    0.00001993
 11.02    0.00001973
 11.03    0.00001953
 11.04    0.00001934
 11.05    0.00001915
 11.06    0.00001896
 11.07    0.00001877
 11.08    0.00001858
 11.09    0.00001840
 11.10    0.00001821
 11.11    0.00001803
 11.12    0.00001785
 11.13    0.00001768
 11.14    0.00001750
 11.15    0.00001733
 11.16    0.00001715
 11.17    0.00001698
 11.18    0.00001681
 11.19    0.00001665
 11.20    0.00001648
 11.21    0.00001632
 11.22    0.00001615
 11.23    0.00001599
 11.24    0.00001583
 11.25    0.00001568
 11.26    0.00001552
 11.27    0.00001537
 11.28    0.00001521
 11.29    0.00001506
 11.30    0.00001491
 11.31    0.00001476
 11.32    0.00001462
 11.33    0.00001447
 11.34    0.00001433
 11.35    0.00001418
 11.36    0.00001404
 11.37    0.00001390
 11.38    0.00001377
 11.39    0.00001363
 11.40    0.00001349
 11.41    0.00001336
 11.42    0.00001323
 11.43    0.00001309
 11.44    0.00001296
 11.45    0.00001283
 11.46    0.00001271
 11.47    0.00001258
 11.48    0.00001246
 11.49    0.00001233
 11.50    0.00001221
 11.51    0.00001209
 11.52    0.00001197
 11.53    0.00001185
 11.54    0.00001173
 11.55    0.00001161
 11.56    0.00001150
 11.57    0.00001138
 11.58    0.00001127
 11.59    0.00001116
 11.60    0.00001105
 11.61    0.00001094
 11.62    0.00001083
 11.63    0.00001072
 11.64    0.00001061
 11.65    0.00001051
 11.66    0.00001040
 11.67    0.00001030
 11.68    0.00001020
 11.69    0.00001010
 11.70    0.00001000
 11.71    0.00000990
 11.72    0.00000980
 11.73    0.00000970
 11.74    0.00000960
 11.75    0.00000951
 11.76    0.00000941
 11.77    0.00000932
 11.78    0.00000923
 11.79    0.00000914
 11.80    0.00000904
 11.81    0.00000895
 11.82    0.00000887
 11.83    0.00000878
 11.84    0.00000869
 11.85    0.00000860
 11.86    0.00000852
 11.87    0.00000843
 11.88    0.00000835
 11.89    0.00000827
 11.90    0.00000818
 11.91    0.00000810
 11.92    0.00000802
 11.93    0.00000794
 11.94    0.00000786
 11.95    0.00000778
 11.96    0.00000771
 11.97    0.00000763
 11.98    0.00000755
 11.99    0.00000748
 12.00    0.00000741
 12.01    0.00000733
 12.02    0.00000726
 12.03    0.00000719
 12.04    0.00000711
 12.05    0.00000704
 12.06    0.00000697
 12.07    0.00000690
 12.08    0.00000684
 12.09    0.00000677
 12.10    0.00000670
 12.11    0.00000663
 12.12    0.00000657
 12.13    0.00000650
 12.14    0.00000644
 12.15    0.00000637
 12.16    0.00000631
 12.17    0.00000625
 12.18    0.00000619
 12.19    0.00000612
 12.20    0.00000606
 12.21    0.00000600
 12.22    0.00000594
 12.23    0.00000588
 12.24    0.00000583
 12.25    0.00000577
 12.26    0.00000571
 12.27    0.00000565
 12.28    0.00000560
 12.29    0.00000554
 12.30    0.00000549
 12.31    0.00000543
 12.32    0.00000538
 12.33    0.00000532
 12.34    0.00000527
 12.35    0.00000522
 12.36    0.00000517
 12.37    0.00000511
 12.38    0.00000506
 12.39    0.00000501
 12.40    0.00000496
 12.41    0.00000491
 12.42    0.00000487
 12.43    0.00000482
 12.44    0.00000477
 12.45    0.00000472
 12.46    0.00000467
 12.47    0.00000463
 12.48    0.00000458
 12.49    0.00000454
 12.50    0.00000449
 12.51    0.00000445
 12.52    0.00000440
 12.53    0.00000436
 12.54    0.00000432
 12.55    0.00000427
 12.56    0.00000423
 12.57    0.00000419
 12.58    0.00000415
 12.59    0.00000410
 12.60    0.00000406
 12.61    0.00000402
 12.62    0.00000398
 12.63    0.00000394
 12.64    0.00000390
 12.65    0.00000387
 12.66    0.00000383
 12.67    0.00000379
 12.68    0.00000375
 12.69    0.00000371
 12.70    0.00000368
 12.71    0.00000364
 12.72    0.00000360
 12.73    0.00000357
 12.74    0.00000353
 12.75    0.00000350
 12.76    0.00000346
 12.77    0.00000343
 12.78    0.00000339
 12.79    0.00000336
 12.80    0.00000333
 12.81    0.00000329
 12.82    0.00000326
 12.83    0.00000323
 12.84    0.00000320
 12.85    0.00000317
 12.86    0.00000313
 12.87    0.00000310
 12.88    0.00000307
 12.89    0.00000304
 12.90    0.00000301
 12.91    0.00000298
 12.92    0.00000295
 12.93    0.00000292
 12.94    0.00000289
 12.95    0.00000286
 12.96    0.00000284
 12.97    0.00000281
 12.98    0.00000278
 12.99    0.00000275
 13.00    0.00000272
 13.01    0.00000270
 13.02    0.00000267
 13.03    0.00000264
 13.04    0.00000262
 13.05    0.00000259
 13.06    0.00000257
 13.07    0.00000254
 13.08    0.00000251
 13.09    0.00000249
 13.10    0.00000246
 13.11    0.00000244
 13.12    0.00000242
 13.13    0.00000239
 13.14    0.00000237
 13.15    0.00000234
 13.16    0.00000232
 13.17    0.00000230
 13.18    0.00000228
 13.19    0.00000225
 13.20    0.00000223
 13.21    0.00000221
 13.22    0.00000219
 13.23    0.00000216
 13.24    0.00000214
 13.25    0.00000212
 13.26    0.00000210
 13.27    0.00000208
 13.28    0.00000206
 13.29    0.00000204
 13.30    0.00000202
 13.31    0.00000200
 13.32    0.00000198
 13.33    0.00000196
 13.34    0.00000194
 13.35    0.00000192
 13.36    0.00000190
 13.37    0.00000188
 13.38    0.00000186
 13.39    0.00000184
 13.40    0.00000183
 13.41    0.00000181
 13.42    0.00000179
 13.43    0.00000177
 13.44    0.00000175
 13.45    0.00000174
 13.46    0.00000172
 13.47    0.00000170
 13.48    0.00000169
 13.49    0.00000167
 13.50    0.00000165
 13.51    0.00000164
 13.52    0.00000162
 13.53    0.00000160
 13.54    0.00000159
 13.55    0.00000157
 13.56    0.00000156
 13.57    0.00000154
 13.58    0.00000153
 13.59    0.00000151
 13.60    0.00000150
 13.61    0.00000148
 13.62    0.00000147
 13.63    0.00000145
 13.64    0.00000144
 13.65    0.00000142
 13.66    0.00000141
 13.67    0.00000139
 13.68    0.00000138
 13.69    0.00000137
 13.70    0.00000135
 13.71    0.00000134
 13.72    0.00000133
 13.73    0.00000131
 13.74    0.00000130
 13.75    0.00000129
 13.76    0.00000127
 13.77    0.00000126
 13.78    0.00000125
 13.79    0.00000124
 13.80    0.00000122
 13.81    0.00000121
 13.82    0.00000120
 13.83    0.00000119
 13.84    0.00000118
 13.85    0.00000116
 13.86    0.00000115
 13.87    0.00000114
 13.88    0.00000113
 13.89    0.00000112
 13.90    0.00000111
 13.91    0.00000110
 13.92    0.00000109
 13.93    0.00000107
 13.94    0.00000106
 13.95    0.00000105
 13.96    0.00000104
 13.97    0.00000103
 13.98    0.00000102
 13.99    0.00000101
 14.00    0.00000100
 14.01    0.00000099
 14.02    0.00000098
 14.03    0.00000097
 14.04    0.00000096
 14.05    0.00000095
 14.06    0.00000094
 14.07    0.00000093
 14.08    0.00000093
 14.09    0.00000092
 14.10    0.00000091
 14.11    0.00000090
 14.12    0.00000089
 14.13    0.00000088
 14.14    0.00000087
 14.15    0.00000086
 14.16    0.00000085
 14.17    0.00000085
 14.18    0.00000084
 14.19    0.00000083
 14.20    0.00000082
 14.21    0.00000081
 14.22    0.00000080
 14.23    0.00000080
 14.24    0.00000079
 14.25    0.00000078
 14.26    0.00000077
 14.27    0.00000077
 14.28    0.00000076
 14.29    0.00000075
 14.30    0.00000074
 14.31    0.00000074
 14.32    0.00000073
 14.33    0.00000072
 14.34    0.00000071
 14.35    0.00000071
 14.36    0.00000070
 14.37    0.00000069
 14.38    0.00000069
 14.39    0.00000068
 14.40    0.00000067
 14.41    0.00000067
 14.42    0.00000066
 14.43    0.00000065
 14.44    0.00000065
 14.45    0.00000064
 14.46    0.00000063
 14.47    0.00000063
 14.48    0.00000062
 14.49    0.00000061
 14.50    0.00000061
 14.51    0.00000060
 14.52    0.00000060
 14.53    0.00000059
 14.54    0.00000058
 14.55    0.00000058
 14.56    0.00000057
 14.57    0.00000057
 14.58    0.00000056
 14.59    0.00000056
 14.60    0.00000055
 14.61    0.00000054
 14.62    0.00000054
 14.63    0.00000053
 14.64    0.00000053
 14.65    0.00000052
 14.66    0.00000052
 14.67    0.00000051
 14.68    0.00000051
 14.69    0.00000050
 14.70    0.00000050
 14.71    0.00000049
 14.72    0.00000049
 14.73    0.00000048
 14.74    0.00000048
 14.75    0.00000047
 14.76    0.00000047
 14.77    0.00000046
 14.78    0.00000046
 14.79    0.00000045
 14.80    0.00000045
 14.81    0.00000045
 14.82    0.00000044
 14.83    0.00000044
 14.84    0.00000043
 14.85    0.00000043
 14.86    0.00000042
 14.87    0.00000042
 14.88    0.00000042
 14.89    0.00000041
 14.90    0.00000041
 14.91    0.00000040
 14.92    0.00000040
 14.93    0.00000040
 14.94    0.00000039
 14.95    0.00000039
 14.96    0.00000038
 14.97    0.00000038
 14.98    0.00000038
 14.99    0.00000037
 15.00    0.00000037
 15.01    0.00000037
 15.02    0.00000036
 15.03    0.00000036
 15.04    0.00000035
 15.05    0.00000035
 15.06    0.00000035
 15.07    0.00000034
 15.08    0.00000034
 15.09    0.00000034
 15.10    0.00000033
 15.11    0.00000033
 15.12    0.00000033
 15.13    0.00000032
 15.14    0.00000032
 15.15    0.00000032
 15.16    0.00000031
 15.17    0.00000031
 15.18    0.00000031
 15.19    0.00000030
 15.20    0.00000030
 15.21    0.00000030
 15.22    0.00000030
 15.23    0.00000029
 15.24    0.00000029
 15.25    0.00000029
 15.26    0.00000028
 15.27    0.00000028
 15.28    0.00000028
 15.29    0.00000028
 15.30    0.00000027
 15.31    0.00000027
 15.32    0.00000027
 15.33    0.00000027
 15.34    0.00000026
 15.35    0.00000026
 15.36    0.00000026
 15.37    0.00000025
 15.38    0.00000025
 15.39    0.00000025
 15.40    0.00000025
 15.41    0.00000024
 15.42    0.00000024
 15.43    0.00000024
 15.44    0.00000024
 15.45    0.00000024
 15.46    0.00000023
 15.47    0.00000023
 15.48    0.00000023
 15.49    0.00000023
 15.50    0.00000022
 15.51    0.00000022
 15.52    0.00000022
 15.53    0.00000022
 15.54    0.00000021
 15.55    0.00000021
 15.56    0.00000021
 15.57    0.00000021
 15.58    0.00000021
 15.59    0.00000020
 15.60    0.00000020
 15.61    0.00000020
 15.62    0.00000020
 15.63    0.00000020
 15.64    0.00000019
 15.65    0.00000019
 15.66    0.00000019
 15.67    0.00000019
 15.68    0.00000019
 15.69    0.00000018
 15.70    0.00000018
 15.71    0.00000018
 15.72    0.00000018
 15.73    0.00000018
 15.74    0.00000018
 15.75    0.00000017
 15.76    0.00000017
 15.77    0.00000017
 15.78    0.00000017
 15.79    0.00000017
 15.80    0.00000017
 15.81    0.00000016
 15.82    0.00000016
 15.83    0.00000016
 15.84    0.00000016
 15.85    0.00000016
 15.86    0.00000016
 15.87    0.00000015
 15.88    0.00000015
 15.89    0.00000015
 15.90    0.00000015
 15.91    0.00000015
 15.92    0.00000015
 15.93    0.00000015
 15.94    0.00000014
 15.95    0.00000014
 15.96    0.00000014
 15.97    0.00000014
 15.98    0.00000014
 15.99    0.00000014
 16.00    0.00000014
 16.01    0.00000013
 16.02    0.00000013
 16.03    0.00000013
 16.04    0.00000013
 16.05    0.00000013
 16.06    0.00000013
 16.07    0.00000013
 16.08    0.00000013
 16.09    0.00000012
 16.10    0.00000012
 16.11    0.00000012
 16.12    0.00000012
 16.13    0.00000012
 16.14    0.00000012
 16.15    0.00000012
 16.16    0.00000012
 16.17    0.00000011
 16.18    0.00000011
 16.19    0.00000011
 16.20    0.00000011
 16.21    0.00000011
 16.22    0.00000011
 16.23    0.00000011
 16.24    0.00000011
 16.25    0.00000011
 16.26    0.00000010
 16.27    0.00000010
 16.28    0.00000010
 16.29    0.00000010
 16.30    0.00000010
 16.31    0.00000010
 16.32    0.00000010
 16.33    0.00000010
 16.34    0.00000010
 16.35    0.00000010
 16.36    0.00000009
 16.37    0.00000009
 16.38    0.00000009
 16.39    0.00000009
 16.40    0.00000009
 16.41    0.00000009
 16.42    0.00000009
 16.43    0.00000009
 16.44    0.00000009
 16.45    0.00000009
 16.46    0.00000009
 16.47    0.00000008
 16.48    0.00000008
 16.49    0.00000008
 16.50    0.00000008
 16.51    0.00000008
 16.52    0.00000008
 16.53    0.00000008
 16.54    0.00000008
 16.55    0.00000008
 16.56    0.00000008
 16.57    0.00000008
 16.58    0.00000008
 16.59    0.00000008
 16.60    0.00000007
 16.61    0.00000007
 16.62    0.00000007
 16.63    0.00000007
 16.64    0.00000007
 16.65    0.00000007
 16.66    0.00000007
 16.67    0.00000007
 16.68    0.00000007
 16.69    0.00000007
 16.70    0.00000007
 16.71    0.00000007
 16.72    0.00000007
 16.73    0.00000007
 16.74    0.00000006
 16.75    0.00000006
 16.76    0.00000006
 16.77    0.00000006
 16.78    0.00000006
 16.79    0.00000006
 16.80    0.00000006
 16.81    0.00000006
 16.82    0.00000006
 16.83    0.00000006
 16.84    0.00000006
 16.85    0.00000006
 16.86    0.00000006
 16.87    0.00000006
 16.88    0.00000006
 16.89    0.00000006
 16.90    0.00000006
 16.91    0.00000005
 16.92    0.00000005
 16.93    0.00000005
 16.94    0.00000005
 16.95    0.00000005
 16.96    0.00000005
 16.97    0.00000005
 16.98    0.00000005
 16.99    0.00000005
 17.00    0.00000005
 17.01    0.00000005
 17.02    0.00000005
 17.03    0.00000005
 17.04    0.00000005
 17.05    0.00000005
 17.06    0.00000005
 17.07    0.00000005
 17.08    0.00000005
 17.09    0.00000005
 17.10    0.00000005
 17.11    0.00000004
 17.12    0.00000004
 17.13    0.00000004
 17.14    0.00000004
 17.15    0.00000004
 17.16    0.00000004
 17.17    0.00000004
 17.18    0.00000004
 17.19    0.00000004
 17.20    0.00000004
 17.21    0.00000004
 17.22    0.00000004
 17.23    0.00000004
 17.24    0.00000004
 17.25    0.00000004
 17.26    0.00000004
 17.27    0.00000004
 17.28    0.00000004
 17.29    0.00000004
 17.30    0.00000004
 17.31    0.00000004
 17.32    0.00000004
 17.33    0.00000004
 17.34    0.00000004
 17.35    0.00000004
 17.36    0.00000003
 17.37    0.00000003
 17.38    0.00000003
 17.39    0.00000003
 17.40    0.00000003
 17.41    0.00000003
 17.42    0.00000003
 17.43    0.00000003
 17.44    0.00000003
 17.45    0.00000003
 17.46    0.00000003
 17.47    0.00000003
 17.48    0.00000003
 17.49    0.00000003
 17.50    0.00000003
 17.51    0.00000003
 17.52    0.00000003
 17.53    0.00000003
 17.54    0.00000003
 17.55    0.00000003
 17.56    0.00000003
 17.57    0.00000003
 17.58    0.00000003
 17.59    0.00000003
 17.60    0.00000003
 17.61    0.00000003
 17.62    0.00000003
 17.63    0.00000003
 17.64    0.00000003
 17.65    0.00000003
 17.66    0.00000003
 17.67    0.00000003
 17.68    0.00000003
 17.69    0.00000003
 17.70    0.00000002
 17.71    0.00000002
 17.72    0.00000002
 17.73    0.00000002
 17.74    0.00000002
 17.75    0.00000002
 17.76    0.00000002
 17.77    0.00000002
 17.78    0.00000002
 17.79    0.00000002
 17.80    0.00000002
 17.81    0.00000002
 17.82    0.00000002
 17.83    0.00000002
 17.84    0.00000002
 17.85    0.00000002
 17.86    0.00000002
 17.87    0.00000002
 17.88    0.00000002
 17.89    0.00000002
 17.90    0.00000002
 17.91    0.00000002
 17.92    0.00000002
 17.93    0.00000002
 17.94    0.00000002
 17.95    0.00000002
 17.96    0.00000002
 17.97    0.00000002
 17.98    0.00000002
 17.99    0.00000002
 18.00    0.00000002
 18.01    0.00000002
 18.02    0.00000002
 18.03    0.00000002
 18.04    0.00000002
 18.05    0.00000002
 18.06    0.00000002
 18.07    0.00000002
 18.08    0.00000002
 18.09    0.00000002
 18.10    0.00000002
 18.11    0.00000002
 18.12    0.00000002
 18.13    0.00000002
 18.14    0.00000002
 18.15    0.00000002
 18.16    0.00000002
 18.17    0.00000002
 18.18    0.00000002
 18.19    0.00000002
 18.20    0.00000002
 18.21    0.00000001
 18.22    0.00000001
 18.23    0.00000001
 18.24    0.00000001
 18.25    0.00000001
 18.26    0.00000001
 18.27    0.00000001
 18.28    0.00000001
 18.29    0.00000001
 18.30    0.00000001
 18.31    0.00000001
 18.32    0.00000001
 18.33    0.00000001
 18.34    0.00000001
 18.35    0.00000001
 18.36    0.00000001
 18.37    0.00000001
 18.38    0.00000001
 18.39    0.00000001
 18.40    0.00000001
 18.41    0.00000001
 18.42    0.00000001
 18.43    0.00000001
 18.44    0.00000001
 18.45    0.00000001
 18.46    0.00000001
 18.47    0.00000001
 18.48    0.00000001
 18.49    0.00000001
 18.50    0.00000001
 18.51    0.00000001
 18.52    0.00000001
 18.53    0.00000001
 18.54    0.00000001
 18.55    0.00000001
 18.56    0.00000001
 18.57    0.00000001
 18.58    0.00000001
 18.59    0.00000001
 18.60    0.00000001
 18.61    0.00000001
 18.62    0.00000001
 18.63    0.00000001
 18.64    0.00000001
 18.65    0.00000001
 18.66    0.00000001
 18.67    0.00000001
 18.68    0.00000001
 18.69    0.00000001
 18.70    0.00000001
 18.71    0.00000001
 18.72    0.00000001
 18.73    0.00000001
 18.74    0.00000001
 18.75    0.00000001
 18.76    0.00000001
 18.77    0.00000001
 18.78    0.00000001
 18.79    0.00000001
 18.80    0.00000001
 18.81    0.00000001
 18.82    0.00000001
 18.83    0.00000001
 18.84    0.00000001
 18.85    0.00000001
 18.86    0.00000001
 18.87    0.00000001
 18.88    0.00000001
 18.89    0.00000001
 18.90    0.00000001
 18.91    0.00000001
 18.92    0.00000001
 18.93    0.00000001
 18.94    0.00000001
 18.95    0.00000001
 18.96    0.00000001
 18.97    0.00000001
 18.98    0.00000001
 18.99    0.00000001
 19.00    0.00000001
 19.01    0.00000001
 19.02    0.00000001
 19.03    0.00000001
 19.04    0.00000001
 19.05    0.00000001
 19.06    0.00000001
 19.07    0.00000001
 19.08    0.00000001
 19.09    0.00000001
 19.10    0.00000001
 19.11    0.00000001
 19.12    0.00000001
 19.13    0.00000001
 19.14    0.00000001
 19.15    0.00000001
 19.16    0.00000001
 19.17    0.00000001
 19.18    0.00000001
 19.19    0.00000001
 19.20    0.00000001
 19.21    0.00000001
 19.22    0.00000001
 19.23    0.00000001
 19.24    0.00000001
 19.25    0.00000001
 19.26    0.00000001
 19.27    0.00000001
 19.28    0.00000001
 19.29    0.00000001
 19.30    0.00000001
 19.31    0.00000000
 19.32    0.00000000
 19.33    0.00000000
 19.34    0.00000000
 19.35    0.00000000
 19.36    0.00000000
 19.37    0.00000000
 19.38    0.00000000
 19.39    0.00000000
 19.40    0.00000000
 19.41    0.00000000
 19.42    0.00000000
 19.43    0.00000000
 19.44    0.00000000
 19.45    0.00000000
 19.46    0.00000000
 19.47    0.00000000
 19.48    0.00000000
 19.49    0.00000000
 19.50    0.00000000
 19.51    0.00000000
 19.52    0.00000000
 19.53    0.00000000
 19.54    0.00000000
 19.55    0.00000000
 19.56    0.00000000
 19.57    0.00000000
 19.58    0.00000000
 19.59    0.00000000
 19.60    0.00000000
 19.61    0.00000000
 19.62    0.00000000
 19.63    0.00000000
 19.64    0.00000000
 19.65    0.00000000
 19.66    0.00000000
 19.67    0.00000000
 19.68    0.00000000
 19.69    0.00000000
 19.70    0.00000000
 19.71    0.00000000
 19.72    0.00000000
 19.73    0.00000000
 19.74    0.00000000
 19.75    0.00000000
 19.76    0.00000000
 19.77    0.00000000
 19.78    0.00000000
 19.79    0.00000000
 19.80    0.00000000
 19.81    0.00000000
 19.82    0.00000000
 19.83    0.00000000
 19.84    0.00000000
 19.85    0.00000000
 19.86    0.00000000
 19.87    0.00000000
 19.88    0.00000000
 19.89    0.00000000
 19.90    0.00000000
 19.91    0.00000000
 19.92    0.00000000
 19.93    0.00000000
 19.94    0.00000000
 19.95    0.00000000
 19.96    0.00000000
 19.97    0.00000000
 19.98    0.00000000
 19.99    0.00000000
 20.00    0.00000000
 20.01    0.00000000
 20.02    0.00000000
 20.03    0.00000000
 20.04    0.00000000
 20.05    0.00000000
 20.06    0.00000000
 20.07    0.00000000
 20.08    0.00000000
 20.09    0.00000000
 20.10    0.00000000
 20.11    0.00000000
 20.12    0.00000000
 20.13    0.00000000
 20.14    0.00000000
 20.15    0.00000000
 20.16    0.00000000
 20.17    0.00000000
 20.18    0.00000000
 20.19    0.00000000
 20.20    0.00000000
 20.21    0.00000000
 20.22    0.00000000
 20.23    0.00000000
 20.24    0.00000000
 20.25    0.00000000
 20.26    0.00000000
 20.27    0.00000000
 20.28    0.00000000
 20.29    0.00000000
 20.30    0.00000000
 20.31    0.00000000
 20.32    0.00000000
 20.33    0.00000000
 20.34    0.00000000
 20.35    0.00000000
 20.36    0.00000000
 20.37    0.00000000
 20.38    0.00000000
 20.39    0.00000000
 20.40    0.00000000
 20.41    0.00000000
 20.42    0.00000000
 20.43    0.00000000
 20.44    0.00000000
 20.45    0.00000000
 20.46    0.00000000
 20.47    0.00000000
